82.6
82.6
82.4
82.3
82.3
82.2
82.2
82.1
82.1
82
81.9
81.8
81.7
81.5
81.5
81.5
81.4
81.3
81.2
81.1
80.9
80.7
80.7
80.7
80.7
80.5
80.4
80.4
80.1
80.1
79.9
79.5
79.3
79.1
78.7
78.6
78.3
78.1
77.6
77.5
77.4
77.2
77.1
76.8
76.7
76.6
76.6
76.5
76.4
76.2
76
76
75.8
75.7
75.7
75.6
75.6
75.5
75.3
75.2
75.2
75.2
75.2
75.1
75
75
74.9
74.8
74.6
74.5
74.4
74.4
74.3
74.3
74.1
74
74
74
74
73.9
73.9
73.9
73.8
73.8
73.8
73.7
73.6
73.6
73.5
73.4
73.3
73
72.9
72.8
72.6
72.4
72.3
72.2
72.2
72.2
72.1
71.8
71.7
71.7
71.6
71.5
71.5
71.4
71.3
70.8
70.8
70.6
69.6
69.5
69.5
69.5
69.4
69.4
68.9
68.9
68.8
68.8
68.6
68.3
68.2
68.1
67.9
67.9
67.4
67.3
67.2
67
66.6
66.5
65.7
65.5
65.2
65.2
65.1
65.1
64.4
64.2
64
63.5
63.4
63.3
63.3
62.9
62.8
62.4
61.8
61.8
61.3
60.7
60.4
59.7
59.7
59.6
59.6
59.5
59.3
58.5
58.5
58.3
58.2
58.1
57.7
57.5
56.4
56.1
56.1
55.8
55.8
55
54.7
54.5
53.7
53.2
53
52.6
52.6
51.5
51.5
51.3
50.2
50.1
49.9
49.8
49.5
48.4
46.5
